{'fp': 3, 'tn': 6, 'fn': 1, 'tp': 8}
prec:  0.72720661758
rec:  0.88879013443
f:  0.799425313123

